40
40
0 1 1 1 1 1 1 1 1 1 1 1 1 1 1 1 1 1 1 1 1 1 1 1 1 1 1 1 1 1 1 1 1 1 1 1 1 1 1 2
3 25 30 31 30 30 30 31 30 10 30 30 30 10 30 30 31 30 30 31 30 30 30 28 29 30 30 31 30 30 31 30 30 30 30 31 31 30 30 4
3 24 30 31 30 31 30 31 30 10 30 30 30 10 30 31 31 30 30 31 30 30 30 26 27 32 30 31 30 30 31 30 30 30 31 31 31 31 30 4
3 23 30 31 30 31 30 31 30 10 30 30 30 10 30 31 31 31 31 31 30 30 30 31 31 31 31 31 30 30 31 12 7 7 7 7 7 7 7 9
3 25 31 31 31 31 31 31 31 14 7 7 7 15 30 31 31 30 30 30 30 30 30 31 31 30 30 30 30 31 31 10 28 29 30 31 31 30 30 4
3 24 30 31 30 31 30 31 30 30 30 30 30 30 30 30 31 30 30 30 30 30 30 31 31 31 31 31 31 31 31 10 26 27 30 31 31 30 32 4
3 23 30 31 16 17 30 30 30 12 7 7 7 7 7 7 7 7 7 7 7 13 7 7 7 7 7 7 7 7 7 15 30 31 31 31 31 31 31 4
8 7 7 7 18 18 7 7 7 11 30 30 30 30 28 29 30 30 30 30 32 10 31 30 30 30 28 29 30 30 30 30 31 31 31 31 31 31 31 4
3 25 30 30 30 30 30 30 30 10 30 31 31 31 26 27 31 31 30 31 25 10 31 30 30 30 26 27 30 31 31 31 31 31 31 31 31 31 25 4
3 24 30 31 31 30 30 30 30 10 30 31 31 31 31 31 31 31 30 31 24 10 31 30 30 30 31 31 31 31 31 31 31 31 31 31 31 30 24 4
3 23 30 31 31 30 30 30 30 10 30 31 31 30 30 30 30 31 31 31 23 10 31 30 30 30 31 30 30 30 30 30 30 30 30 31 31 30 23 4
3 30 30 31 31 30 30 30 30 10 31 31 31 30 30 30 30 31 31 30 31 10 31 31 31 31 31 32 30 30 30 12 7 7 7 7 7 7 7 9
3 30 30 31 31 31 31 31 30 10 31 31 31 30 30 30 30 31 31 31 25 10 30 30 31 31 30 30 30 30 30 10 30 30 30 30 30 30 30 4
3 30 31 31 31 31 31 31 30 10 31 31 31 30 30 30 30 31 31 31 24 10 30 30 31 31 30 30 30 30 30 10 30 31 31 31 31 31 31 4
3 25 31 31 31 31 30 30 30 10 30 30 30 16 17 30 30 30 30 30 23 10 30 30 31 31 30 30 30 30 30 10 30 30 16 17 30 30 30 4
3 24 30 31 31 31 30 30 30 14 7 7 7 18 18 7 7 7 7 7 7 15 30 30 30 30 30 30 30 30 30 14 7 7 18 18 7 7 7 9
3 23 30 31 31 31 31 31 31 30 30 30 30 30 30 30 30 30 30 30 31 31 31 31 31 31 30 30 30 30 30 30 30 30 30 30 30 30 25 4
3 30 30 31 31 31 31 31 31 30 30 30 30 30 30 30 30 30 30 30 31 31 31 31 31 31 30 30 30 30 31 31 31 31 31 31 31 30 24 4
3 30 31 31 31 31 30 30 30 30 30 30 30 30 30 30 30 30 30 30 30 30 30 30 30 30 30 30 30 30 31 31 31 31 31 31 31 30 23 4
3 30 31 31 31 31 30 30 30 12 7 7 7 7 7 7 7 7 7 7 7 7 7 7 7 7 7 7 7 7 7 7 7 7 7 7 7 7 7 9
3 25 30 30 30 31 30 30 30 10 32 31 31 30 30 30 30 28 29 30 28 29 30 28 29 30 30 30 30 30 30 30 30 30 30 30 30 30 25 4
3 24 30 30 30 31 30 30 30 10 30 31 31 30 30 30 30 26 27 32 26 27 32 26 27 30 30 30 31 31 31 31 31 31 30 30 30 30 24 4
3 23 30 30 19 20 30 30 30 10 30 31 31 31 31 31 31 31 31 30 30 30 30 30 30 31 31 31 31 31 31 31 31 31 31 31 31 30 23 4
8 7 7 7 21 22 7 7 7 11 30 31 31 31 31 31 31 31 31 31 31 31 31 31 31 31 31 31 31 31 31 31 31 31 31 31 31 30 25 4
3 30 30 30 30 30 30 30 30 10 30 30 30 30 30 30 30 30 30 30 30 31 31 31 30 30 30 30 30 30 30 30 31 31 31 31 31 30 24 4
3 25 30 30 30 30 30 30 30 10 30 30 30 30 30 30 19 20 30 30 30 31 31 31 30 30 30 30 30 30 30 30 31 31 30 30 30 30 23 4
3 24 30 30 30 30 30 30 30 14 7 7 7 7 7 7 21 22 7 7 7 7 7 7 7 7 7 7 7 7 7 7 7 7 7 7 7 7 7 9
3 23 30 31 31 30 30 30 30 30 30 30 30 30 30 30 30 30 30 30 30 30 30 30 30 30 30 30 30 30 30 30 30 30 30 30 30 30 25 4
3 25 30 31 31 31 30 30 30 30 30 30 30 30 30 30 30 30 30 30 30 30 30 30 30 30 30 30 30 30 30 30 30 30 30 30 30 30 24 4
3 24 30 31 31 31 31 31 31 30 30 30 30 30 30 30 30 30 30 30 30 30 30 30 30 30 30 30 30 30 16 17 30 30 30 30 30 30 23 4
3 23 30 31 31 31 31 31 31 12 7 7 7 7 7 7 7 7 7 7 7 7 7 7 7 7 7 7 7 7 18 18 7 7 7 7 7 7 7 9
3 30 30 31 31 31 31 31 31 10 25 30 30 30 30 28 29 30 30 30 30 30 30 30 30 30 30 30 30 30 30 30 30 30 30 30 30 30 25 4
8 7 7 7 7 7 7 7 7 11 24 30 30 30 30 26 27 30 30 30 30 30 30 30 30 30 30 30 30 30 30 30 30 30 30 30 30 32 24 4
3 30 30 30 30 31 30 30 30 10 23 30 30 30 30 30 30 30 30 30 31 31 31 31 31 31 31 31 30 30 30 30 30 30 30 30 30 30 23 4
3 25 30 30 31 31 31 30 30 30 30 30 30 30 30 30 30 31 31 31 31 31 31 31 31 31 31 31 30 30 30 30 30 30 30 30 30 30 30 4
3 24 30 30 31 31 31 30 30 30 30 30 30 30 30 30 30 31 31 31 31 31 31 31 31 31 31 31 30 30 30 30 30 30 30 30 30 30 25 4
3 23 30 30 31 31 31 30 30 10 25 30 30 30 30 30 30 30 30 30 25 30 31 31 31 31 31 31 25 30 30 30 30 30 30 31 31 30 24 4
3 31 31 31 31 31 31 31 30 10 24 30 32 30 30 30 30 30 30 30 24 30 30 30 30 30 30 30 24 30 30 30 30 31 31 31 31 31 23 4
3 31 31 31 31 31 30 30 30 10 23 30 30 30 30 30 30 30 30 30 23 30 30 30 30 30 30 30 23 30 30 30 30 31 31 31 31 30 30 4
6 1 1 1 1 1 1 1 1 1 1 1 1 1 1 1 1 1 1 1 1 1 1 1 1 1 1 1 1 1 1 1 1 1 1 1 1 1 1 5
